INPUT AND OUTPUT FOR THE XOR GATE
 first input neuron spike timings = [ 0.  1.  0.  0.  1.  0.  0.  1.  0.  0.  1.  0.  0.  1.  0.  0.  1.  0.
  0.  1.  0.]
second input neuron spike timings = [ 0.  0.  0.  0.  0.  1.  0.  0.  0.  0.  0.  0.  1.  0.  0.  0.  0.  0.
  0.  1.  0.]
                       XOR output = [ 0.  1.  0.  0.  1.  1.  0.  1.  0.  0.  1.  0.  1.  1.  0.  0.  1.  0.
  0.  0.  0.]
                   learned output = [ 0.  1.  0.  0.  1.  1.  0.  1.  0.  0.  1.  0.  1.  1.  0.  0.  1.  0.
  0.  0.  0.]


                 spike train for A = [ 0.  1.  0.  0.  1.  0.  0.  1.  0.  0.  1.  0.  0.  1.  0.  0.  1.  0.
  0.  1.  0.]
                spike train for h1 = [ 1.  1.  1.  1.  1.  1.  1.  1.  1.  1.  1.  1.  1.  1.  1.  1.  1.  1.
  1.  0.  1.]
weight of synapse between h1 and A = [-1.  1.  1.  1.  1.  1.  1.  1.  1.  1.  1.  1.  1.  1.  1.  1.  1.  1.
  1. -1.  1.]


                 spike train for B = [ 0.  0.  0.  0.  0.  1.  0.  0.  0.  0.  0.  0.  1.  0.  0.  0.  0.  0.
  0.  1.  0.]
                spike train for h1 = [ 1.  1.  1.  1.  1.  1.  1.  1.  1.  1.  1.  1.  1.  1.  1.  1.  1.  1.
  1.  0.  1.]
weight of synapse between h1 and B = [-1. -1. -1. -1. -1.  1.  1.  1.  1.  1.  1.  1.  1.  1.  1.  1.  1.  1.
  1. -1.  1.]


                 spike train for A = [ 0.  1.  0.  0.  1.  0.  0.  1.  0.  0.  1.  0.  0.  1.  0.  0.  1.  0.
  0.  1.  0.]
                spike train for h2 = [ 0.  1.  0.  0.  1.  1.  0.  1.  0.  0.  1.  0.  1.  1.  0.  0.  1.  0.
  0.  1.  0.]
weight of synapse between h2 and A = [ 0.  1.  1.  1.  1.  1.  1.  1.  1.  1.  1.  1.  1.  1.  1.  1.  1.  1.
  1.  1.  1.]


                 spike train for B = [ 0.  0.  0.  0.  0.  1.  0.  0.  0.  0.  0.  0.  1.  0.  0.  0.  0.  0.
  0.  1.  0.]
                spike train for h2 = [ 0.  1.  0.  0.  1.  1.  0.  1.  0.  0.  1.  0.  1.  1.  0.  0.  1.  0.
  0.  1.  0.]
weight of synapse between h2 and B = [ 0. -1. -1. -1. -1.  1.  1.  1.  1.  1.  1.  1.  1.  1.  1.  1.  1.  1.
  1.  1.  1.]


                spike train for h1 = [ 1.  1.  1.  1.  1.  1.  1.  1.  1.  1.  1.  1.  1.  1.  1.  1.  1.  1.
  1.  0.  1.]
                 spike train for o = [ 0.  1.  0.  0.  1.  1.  0.  1.  0.  0.  1.  0.  1.  1.  0.  0.  1.  0.
  0.  0.  0.]
weight of synapse between o and h1 = [ 1.  1. -1. -1.  1.  1. -1.  1. -1. -1.  1. -1.  1.  1. -1. -1.  1. -1.
 -1. -1. -1.]


                spike train for h2 = [ 0.  1.  0.  0.  1.  1.  0.  1.  0.  0.  1.  0.  1.  1.  0.  0.  1.  0.
  0.  1.  0.]
                 spike train for o = [ 0.  1.  0.  0.  1.  1.  0.  1.  0.  0.  1.  0.  1.  1.  0.  0.  1.  0.
  0.  0.  0.]
weight of synapse between o and h2 = [ 0.  1.  1.  1.  1.  1.  1.  1.  1.  1.  1.  1.  1.  1.  1.  1.  1.  1.
  1. -1. -1.]
